import numpy as np
days=np.arange(1,51)
temperature=np.random.randint(24,40,size=50)
trend=np.linspace(34,65,90)
print("Days:\n",days)
print("Temperature:\n",temperature)
print("Trend:\n",trend)

Output:
Days:
 [ 1  2  3  4  5  6  7  8  9 10 11 12 13 14 15 16 17 18 19 20 21 22 23 24
 25 26 27 28 29 30 31 32 33 34 35 36 37 38 39 40 41 42 43 44 45 46 47 48
 49 50]
Temperature:
 [33 38 31 38 33 25 26 38 34 33 31 31 39 32 29 30 39 24 32 34 36 37 25 38
 31 33 31 25 39 28 25 26 26 25 31 30 39 35 27 30 36 33 38 25 28 33 37 29
 38 28]
Trend:
 [34.         34.34831461 34.69662921 35.04494382 35.39325843 35.74157303
 36.08988764 36.43820225 36.78651685 37.13483146 37.48314607 37.83146067
 38.17977528 38.52808989 38.87640449 39.2247191  39.57303371 39.92134831
 40.26966292 40.61797753 40.96629213 41.31460674 41.66292135 42.01123596
 42.35955056 42.70786517 43.05617978 43.40449438 43.75280899 44.1011236
 44.4494382  44.79775281 45.14606742 45.49438202 45.84269663 46.19101124
 46.53932584 46.88764045 47.23595506 47.58426966 47.93258427 48.28089888
 48.62921348 48.97752809 49.3258427  49.6741573  50.02247191 50.37078652
 50.71910112 51.06741573 51.41573034 51.76404494 52.11235955 52.46067416
 52.80898876 53.15730337 53.50561798 53.85393258 54.20224719 54.5505618
 54.8988764  55.24719101 55.59550562 55.94382022 56.29213483 56.64044944
 56.98876404 57.33707865 57.68539326 58.03370787 58.38202247 58.73033708
 59.07865169 59.42696629 59.7752809  60.12359551 60.47191011 60.82022472
 61.16853933 61.51685393 61.86516854 62.21348315 62.56179775 62.91011236
 63.25842697 63.60674157 63.95505618 64.30337079 64.65168539 65.        ]
